1.000000000000000000e+00 0.000000000000000000e+00 0.000000000000000000e+00 0.000000000000000000e+00 0.000000000000000000e+00 1.000000000000000000e+00 0.000000000000000000e+00 0.000000000000000000e+00 0.000000000000000000e+00 0.000000000000000000e+00 1.000000000000000000e+00 0.000000000000000000e+00
9.999986044065142243e-01 4.947341228357532168e-04 -1.595751600856983813e-03 -1.023171097040176392e-02 -4.967156444029925590e-04 9.999991058623656226e-01 -1.241590930227565647e-03 -1.870441250503063202e-02 1.595135916635635363e-03 1.242381832256077940e-03 9.999979560123062328e-01 8.582823276519775391e-01
9.999940270622972305e-01 1.749205523696166931e-03 -2.980959537698964386e-03 -3.366466064822926096e-02 -1.756835902283883886e-03 9.999951824803761102e-01 -2.559012241455590163e-03 -3.547309692363093125e-02 2.976468938519933119e-03 2.564234013373976277e-03 9.999922826385124752e-01 1.707643596789559126e+00
9.999913817000776195e-01 1.781089840149703519e-03 -3.750232599606353329e-03 -6.322155065324125411e-02 -1.793065892922307862e-03 9.999932964734971064e-01 -3.192479095073399911e-03 -5.349736555969668989e-02 3.744521367741603882e-03 3.199175995495941605e-03 9.999878718427919200e-01 2.557156528404554763e+00
9.999837210866233672e-01 2.689080967793715769e-03 -5.032534679384059392e-03 -8.842307591168484249e-02 -2.715115079921569946e-03 9.999829313847039547e-01 -5.173498753989010449e-03 -8.217013162246300517e-02 5.018536823949396215e-03 5.187078445849162625e-03 9.999739539134722133e-01 3.395992977967077220e+00
9.999682280718802385e-01 3.678827250978052542e-03 -7.071709612376017758e-03 -9.985093566425962130e-02 -3.718942795658346321e-03 9.999770217814282214e-01 -5.667924984309779916e-03 -1.081406818903722922e-01 7.050695800198090134e-03 5.694044186920522131e-03 9.999589319314720059e-01 4.239199110935688353e+00
9.999444346024330965e-01 4.763351085550040880e-03 -9.404158338550835938e-03 -1.274065675800967190e-01 -4.827300026527603545e-03 9.999653018884311351e-01 -6.789123185867293117e-03 -1.278804134276309568e-01 9.371493054718259275e-03 6.834142639335493048e-03 9.999327325436997427e-01 5.092755369436569701e+00
9.999222650288351888e-01 5.558755515434000462e-03 -1.116083046748899028e-02 -1.695333824092273567e-01 -5.643492658814168103e-03 9.999553820316362529e-01 -7.575284587027384872e-03 -1.473059719353154995e-01 1.111822333892915730e-02 7.637681787307987365e-03 9.999090213247908698e-01 5.942796527536889251e+00
9.998846625548591938e-01 6.096248102271448546e-03 -1.391033236954928275e-02 -2.259016658857845861e-01 -6.224048237425732974e-03 9.999386511516460407e-01 -9.162704653377772707e-03 -1.616559632968968541e-01 1.385362086582336144e-02 9.248226430099168102e-03 9.998612641245798738e-01 6.793011672934057721e+00
9.998528181576800122e-01 6.811667168148973460e-03 -1.574621264100855428e-02 -2.579225364639621265e-01 -6.968343791116880445e-03 9.999265473728410347e-01 -9.916755711336763118e-03 -1.858367394516581839e-01 1.567750640102880122e-02 1.002502116805190427e-02 9.998268423800318327e-01 7.635043617300561358e+00
9.998181299561823554e-01 6.756084575543404476e-03 -1.783430212065038531e-02 -2.947239771290662835e-01 -6.953220809939593232e-03 9.999151576386068330e-01 -1.101500090460561312e-02 -2.184692064531698619e-01 1.775837073863346244e-02 1.113700344654449358e-02 9.997802795729370251e-01 8.479288828051000593e+00
9.997773427171703364e-01 7.226001431219758811e-03 -1.982548593880406607e-02 -3.324958181433024795e-01 -7.451137027564319788e-03 9.999083278060167945e-01 -1.130559778039222189e-02 -2.453802717437888470e-01 1.974197422726935852e-02 1.145080291907775091e-02 9.997395328614935295e-01 9.311850032757233109e+00
9.997377057253187260e-01 8.168577061154043417e-03 -2.139612347768142520e-02 -3.637078062146864021e-01 -8.429683034999999741e-03 9.998907526806697366e-01 -1.214179342655970738e-02 -2.636493289007484919e-01 2.129460483328195902e-02 1.231897124275412904e-02 9.996973455764067706e-01 1.016024654790866677e+01
9.996713509356276450e-01 8.694905988229474983e-03 -2.411615077895529549e-02 -3.916782443513929790e-01 -9.021413090648182365e-03 9.998686675499800502e-01 -1.346334867986519884e-02 -2.867878830917499067e-01 2.399592099473025694e-02 1.367648572125154845e-02 9.996185019865980736e-01 1.098277226445961396e+01
9.995755642941821506e-01 9.048847070014293462e-03 -2.769132775204335636e-02 -4.379993048861760552e-01 -9.435642090107871846e-03 9.998592936377596052e-01 -1.386944788187608087e-02 -3.099080542822939544e-01 2.756192889322111803e-02 1.412484665064317642e-02 9.995202993350260634e-01 1.183911977265370297e+01
9.994727322563911054e-01 8.679933982385205221e-03 -3.128763688753438688e-02 -4.892942461090464268e-01 -9.131240632943701460e-03 9.998559041520087565e-01 -1.431053377315636560e-02 -3.380153276434219034e-01 3.115891398056173586e-02 1.458868323156018755e-02 9.994079709513630227e-01 1.266189398273963462e+01
9.993280762409824103e-01 1.052874336884630953e-02 -3.510757182675452309e-02 -5.433924599601431815e-01 -1.111279030870790559e-02 9.998023970425602425e-01 -1.648249858200167076e-02 -3.652218584638063370e-01 3.492709446908575516e-02 1.686156668355506469e-02 9.992476097749360964e-01 1.348361962699133088e+01
9.992301169260852101e-01 1.163535970097076544e-02 -3.746721009778675171e-02 -5.889072830802742908e-01 -1.235009416020112910e-02 9.997450686753717175e-01 -1.890166218909634932e-02 -3.869099352115634161e-01 3.723773089377002687e-02 1.934983369193580063e-02 9.991190796566626897e-01 1.434603030611206620e+01
9.991099548860672419e-01 1.433549785191780279e-02 -3.967104169162965349e-02 -6.481338447734802388e-01 -1.512021294105603958e-02 9.996945081903242381e-01 -1.955171232202517970e-02 -4.083168106876212677e-01 3.937863898331785822e-02 2.013414501397488288e-02 9.990214907580200476e-01 1.521332342705437313e+01
9.990461617329206012e-01 1.546488916402411970e-02 -4.083630651594240962e-02 -7.022801721614982950e-01 -1.624601930653448920e-02 9.996900177163513534e-01 -1.886624856649911711e-02 -4.275338316848671938e-01 4.053188354137100824e-02 1.951168064072570860e-02 9.989877180101675025e-01 1.605474828589580483e+01
9.989864536459409639e-01 1.474613511046779339e-02 -4.252783713299625873e-02 -7.527109249329388962e-01 -1.549437836846012662e-02 9.997299593395103656e-01 -1.731856339296448249e-02 -4.466074845411072136e-01 4.226097101205583684e-02 1.795995262591088687e-02 9.989451688810512264e-01 1.692453523288083161e+01
9.989157628646574416e-01 1.534005194395578198e-02 -4.395431158460701149e-02 -7.938211032623686547e-01 -1.609015291591888927e-02 9.997300214732222079e-01 -1.676279046856626181e-02 -4.817309375425663509e-01 4.368530278780643344e-02 1.745184722335853950e-02 9.988929008401395970e-01 1.780474358968944770e+01
9.988273811410103287e-01 1.571082064999381953e-02 -4.579337067191193572e-02 -8.450688932521214225e-01 -1.646184128280438891e-02 9.997353550231974362e-01 -1.606946477705941539e-02 -5.176435183107663818e-01 4.552878720733898738e-02 1.680446461941359840e-02 9.988216755278603864e-01 1.870762906981653018e+01
9.987161575648441092e-01 1.527782406565668730e-02 -4.829725365621685695e-02 -9.043960026968722588e-01 -1.609168194120398285e-02 9.997342475658264060e-01 -1.650733219796307258e-02 -5.479978224108631446e-01 4.803222242638000017e-02 1.726332342886559637e-02 9.986965922005400786e-01 1.955855011477361671e+01
9.985915456708648330e-01 1.491391462292964397e-02 -5.091659911358620283e-02 -9.707749643459184785e-01 -1.582089839824002420e-02 9.997224413534894216e-01 -1.745678745048597283e-02 -5.783650436908300829e-01 5.064211773362414098e-02 1.823774670398850203e-02 9.985503294809999764e-01 2.044967473070137487e+01
9.984906187567622604e-01 1.648615576986253023e-02 -5.238979788728141684e-02 -1.016156035626688547e+00 -1.730388103091034385e-02 9.997348331270484723e-01 -1.519339111919466162e-02 -6.167818115616280350e-01 5.212542523573757830e-02 1.607700532949312908e-02 9.985111265998130037e-01 2.133979227492068276e+01
9.983974686475994842e-01 1.781022224975268783e-02 -5.371490092591058030e-02 -1.067173866626129897e+00 -1.848315495026155858e-02 9.997564690483931038e-01 -1.205717956132740590e-02 -6.503221886936295659e-01 5.348707863728018735e-02 1.303067839001040978e-02 9.984835170595178777e-01 2.225539376899891764e+01
9.983110438321609603e-01 2.003366384406491535e-02 -5.453175291263293034e-02 -1.126181881895175652e+00 -2.049683410851496634e-02 9.997583289566354114e-01 -7.947545115581933217e-03 -6.827465382509514402e-01 5.435935571977890124e-02 9.051850353336561572e-03 9.984804076449924626e-01 2.314914974421766658e+01
9.982672636793806786e-01 2.033317283116928970e-02 -5.521804368772779970e-02 -1.183448470295014543e+00 -2.067258320184130194e-02 9.997707139534431908e-01 -5.582456877190766602e-03 -7.191028463422088901e-01 5.509187390028554010e-02 6.714283553778834998e-03 9.984587141321936699e-01 2.405337756787039893e+01
9.983247644107532404e-01 2.059650279654266086e-02 -5.406892672105183262e-02 -1.224247305571177558e+00 -2.090649409784525042e-02 9.997680479048988156e-01 -5.173866345861713456e-03 -7.424371401906549872e-01 5.394982176755750564e-02 6.295590598195623458e-03 9.985238015542082790e-01 2.496168086777115391e+01
9.983951359921791058e-01 2.162725213672776065e-02 -5.233941528306345486e-02 -1.268777692260541601e+00 -2.203360922484468021e-02 9.997313089693665722e-01 -7.199300724666183454e-03 -7.659389839585961646e-01 5.216965105964778415e-02 8.340973049455576577e-03 9.986034025962969851e-01 2.588316959057345557e+01
9.983871053478181601e-01 2.361124799623479792e-02 -5.163038682079618136e-02 -1.315244199836953953e+00 -2.424221699200408697e-02 9.996384763891367209e-01 -1.162890526740366706e-02 -7.833129674540632026e-01 5.133714825072903387e-02 1.286178410897799440e-02 9.985985538338295608e-01 2.679157976903884730e+01
9.984143237536016180e-01 2.361703045265639914e-02 -5.109866922177983689e-02 -1.368240507235764847e+00 -2.441384120694595553e-02 9.995890085304365291e-01 -1.502592368745223061e-02 -8.089027653102051074e-01 5.072280040731774742e-02 1.624961223344763284e-02 9.985805664146990557e-01 2.771258509409440762e+01
9.984305637486687868e-01 2.212180332470795388e-02 -5.144934586735140647e-02 -1.417158619168860101e+00 -2.282852266376081060e-02 9.996523899578830807e-01 -1.318930644434173835e-02 -8.381529801931894008e-01 5.113969031491649025e-02 1.434311922684657764e-02 9.985885073469141782e-01 2.868105825464874314e+01
9.984093451523136098e-01 2.131958407230310354e-02 -5.219439479017101702e-02 -1.467415238326788884e+00 -2.176899975975876700e-02 9.997305609674973503e-01 -8.057053870533891285e-03 -8.659315505892665188e-01 5.200855854556872548e-02 9.180457646384653642e-03 9.986044407248617638e-01 2.963296158348506992e+01
9.983963600696359464e-01 1.872193221848816175e-02 -5.342468955181531309e-02 -1.521898741857004689e+00 -1.897112514447022585e-02 9.998113733462673514e-01 -4.161026099864160305e-03 -8.890137794782773106e-01 5.333670978279737157e-02 5.167879783551102696e-03 9.985632120241999532e-01 3.055704177495515594e+01
9.984308216944380865e-01 1.216018273480087841e-02 -5.466282325699291234e-02 -1.581932877095764356e+00 -1.245311602810009535e-02 9.999098482450347047e-01 -5.021482229613993473e-03 -9.057198193686160081e-01 5.459683316603321235e-02 5.694325109080391502e-03 9.984922435701698573e-01 3.149172819690947378e+01
9.983298530850146513e-01 1.006282204083939515e-02 -5.688799567419396824e-02 -1.642910748145691269e+00 -1.061390186742227487e-02 9.998995508121624187e-01 -9.393262094955633079e-03 -9.231025673441634050e-01 5.678775859638621887e-02 9.981377570766343521e-03 9.983363774677287417e-01 3.245398866174669195e+01
9.981320631168434376e-01 1.082712191222749525e-02 -6.012618405662212284e-02 -1.706403933644863757e+00 -1.168452771067637896e-02 9.998347435034466990e-01 -1.392686237367488436e-02 -9.415040858830544535e-01 5.996545997731914796e-02 1.460339393752729462e-02 9.980936251150053229e-01 3.341522631933913345e+01
9.978902546778533056e-01 1.184401061176006478e-02 -6.383383923591874620e-02 -1.767991447219078749e+00 -1.283562076560798744e-02 9.998028944494793402e-01 -1.514658674436729358e-02 -9.634036303062090134e-01 6.364186089776199817e-02 1.593397825628192765e-02 9.978455901984019105e-01 3.435767061416989776e+01
9.977161746217599880e-01 1.270494591743075684e-02 -6.634017822825437338e-02 -1.843862184843328977e+00 -1.364694066631433680e-02 9.998121165245722475e-01 -1.376563333469715648e-02 -9.948499054661963381e-01 6.615282237797176501e-02 1.463953550801354656e-02 9.977021038824851473e-01 3.536637399221167044e+01
9.975291578419879235e-01 1.629809346705260800e-02 -6.833704269569515488e-02 -1.908253637371009059e+00 -1.705522681453890826e-02 9.997993030879513965e-01 -1.051060336760580721e-02 -1.031935349994211437e+00 6.815202486616715738e-02 1.165013708870890272e-02 9.976069245010555919e-01 3.635345638643149613e+01
9.973263854999271372e-01 1.822123064411498156e-02 -7.076770124473860668e-02 -1.974656250865166607e+00 -1.893590770331218115e-02 9.997761229058297339e-01 -9.441158130144284080e-03 -1.067169848393361820e+00 7.057982845758584145e-02 1.075596677201599849e-02 9.974481425085197639e-01 3.736496837905463053e+01
9.971365995783748604e-01 1.975177412113693354e-02 -7.299636429537807725e-02 -2.047754382171670606e+00 -2.027288661261482383e-02 9.997739687133581077e-01 -6.404806908327396672e-03 -1.104340182826045735e+00 7.285335853389335314e-02 7.866314398018995485e-03 9.973116409869698940e-01 3.835245709333539565e+01
9.970522508170479581e-01 2.056269177885258759e-02 -7.391877195588816840e-02 -2.123094750012717746e+00 -2.093841195453423343e-02 9.997714709766067909e-01 -4.311464495258211273e-03 -1.139955458501016317e+00 7.381322405559111177e-02 5.846497077700652314e-03 9.972549455512561556e-01 3.933647086496984002e+01
9.967854117035989114e-01 2.549442086600887947e-02 -7.595312712189020155e-02 -2.194252662779045959e+00 -2.574871953077168332e-02 9.996656360410696163e-01 -2.370561353113243702e-03 -1.159364618347156428e+00 7.586729504478753605e-02 4.318636742078229424e-03 9.971085712796157186e-01 4.031488448877370701e+01
9.966516116130287317e-01 2.777043867074576594e-02 -7.690492705403918772e-02 -2.268018475249405697e+00 -2.807590896295628427e-02 9.996016061225224680e-01 -2.893505344205201009e-03 -1.188807960247348694e+00 7.679393468924818056e-02 5.042992495285029617e-03 9.970342320209649722e-01 4.131769502728963062e+01
9.965225101600256874e-01 2.788257043021215298e-02 -7.852037321973306949e-02 -2.349285257140885985e+00 -2.839516806197997165e-02 9.995820868113687307e-01 -5.419054950909238041e-03 -1.219347775867013040e+00 7.833646133885428797e-02 7.629809436238905659e-03 9.968977805336273201e-01 4.228029378490850121e+01
9.963300271999167013e-01 3.072342532493286746e-02 -7.989085076601022684e-02 -2.436817900283467786e+00 -3.147921632928123853e-02 9.994706231930576834e-01 -8.217804656651896481e-03 -1.251636944706186583e+00 7.959607929482420685e-02 1.070254691107914990e-02 9.967697425436365943e-01 4.323978529054408426e+01
9.960930196951466309e-01 3.118453809269394750e-02 -8.262094588268692474e-02 -2.525599451288351727e+00 -3.195396858793105033e-02 9.994572719607502931e-01 -8.006585805194803285e-03 -1.281153646576267846e+00 8.232642349869247200e-02 1.061537134158532097e-02 9.965488818342999044e-01 4.420743486836587266e+01
9.959110524428494982e-01 2.994123477910799747e-02 -8.523319823917382965e-02 -2.621231293165868337e+00 -3.056400693516398565e-02 9.995147376355135727e-01 -6.010884250859778455e-03 -1.312613952456960220e+00 8.501186447927842893e-02 8.591374122474230990e-03 9.963428983981588161e-01 4.517595093192009870e+01
9.956584747545886849e-01 3.071695268929503647e-02 -8.786734585071635795e-02 -2.724914425412141128e+00 -3.123738794552571169e-02 9.995016202798332472e-01 -4.553751456541398415e-03 -1.340147109156698768e+00 8.768367717943001405e-02 7.278727599714006347e-03 9.961217761302187945e-01 4.613412370977997767e+01
9.953508133146945491e-01 3.345565051843893412e-02 -9.031875708934311575e-02 -2.825194803433788149e+00 -3.418196223017995472e-02 9.993944465730155713e-01 -6.506428906068508281e-03 -1.361416175646967375e+00 9.004638744486212487e-02 9.563451646934256756e-03 9.958916550010474822e-01 4.705053228715292590e+01
9.951320674802842658e-01 3.427253252324784921e-02 -9.239892741183433622e-02 -2.914983073317471529e+00 -3.548232600291768152e-02 9.993043439641795533e-01 -1.148184113035311503e-02 -1.387550726701205717e+00 9.194113776671009042e-02 1.470447716727509707e-02 9.956558670230386543e-01 4.799909289969959758e+01
9.948651097889694706e-01 3.462390666235051068e-02 -9.510309359856963796e-02 -3.003011989880128407e+00 -3.590300732012224189e-02 9.992859529845844468e-01 -1.177107612163077327e-02 -1.423376911746318418e+00 9.462762487747794493e-02 1.512512000371623450e-02 9.953978317009332111e-01 4.893104570711785328e+01
9.946170627953162535e-01 3.289025533409885294e-02 -9.826051852334041770e-02 -3.100395601328919781e+00 -3.388627855220056190e-02 9.993896806466859850e-01 -8.484476577666093255e-03 -1.463375152865236561e+00 9.792149162620325531e-02 1.176848847439948553e-02 9.951245571066600348e-01 4.985944013254443519e+01
9.944476840510009241e-01 3.081368149423831942e-02 -1.006196835533301887e-01 -3.203139760602605079e+00 -3.156529641451279872e-02 9.994843608425113546e-01 -5.885957313791314802e-03 -1.495113964899916770e+00 1.003864320905200475e-01 9.029366755618170939e-03 9.949075508750182539e-01 5.080196741267452865e+01
9.943126428607717004e-01 2.988428979607213667e-02 -1.022218052599918325e-01 -3.298636979684232529e+00 -3.056801388575886708e-02 9.995195327466661617e-01 -5.128370595533169804e-03 -1.509382349962151704e+00 1.020194333169291145e-01 8.223921283028826426e-03 9.947484115817538664e-01 5.172971361141243563e+01
9.942799574790223138e-01 2.709707345527946273e-02 -1.033107679076720048e-01 -3.395574980416860456e+00 -2.792828963560477565e-02 9.995880909046517271e-01 -6.607507822370095076e-03 -1.528678407733339517e+00 1.030891691379042380e-01 9.455005645270653583e-03 9.946271794369505592e-01 5.265013425171284922e+01
9.941633831575773517e-01 2.533712676820204512e-02 -1.048675240282353760e-01 -3.497766460410162814e+00 -2.635092865360428790e-02 9.996183541293409691e-01 -8.293048103056322937e-03 -1.547423572422055305e+00 1.046173797596417349e-01 1.100800140257116727e-02 9.944516216273908693e-01 5.356583906159716690e+01
9.940150289546059170e-01 2.453007972258800309e-02 -1.064537336178393995e-01 -3.606149410290532487e+00 -2.548820789495480355e-02 9.996458589984896781e-01 -7.649042127913919902e-03 -1.564447862104034082e+00 1.062284023728022331e-01 1.031657772589898540e-02 9.942882352483846109e-01 5.449354522957755620e+01
9.939605553364972979e-01 2.158113745668660197e-02 -1.075949299048879482e-01 -3.709122510290257413e+00 -2.206337117258375113e-02 9.997511496047105650e-01 -3.293405009977034073e-03 -1.582610428716170858e+00 1.074970794378290462e-01 5.647421547444450574e-03 9.941893605054331617e-01 5.540149558021334286e+01
9.940254303578798245e-01 2.115531710225831280e-02 -1.070789258450749737e-01 -3.814698256134062326e+00 -2.099259263978080214e-02 9.997761278512813377e-01 2.646740062429222672e-03 -1.597684719649339335e+00 1.071109464811714068e-01 -3.830626590306928508e-04 9.942470007029976520e-01 5.634124454836425855e+01
9.939404289666456949e-01 2.299289132752672937e-02 -1.074883743202085656e-01 -3.915465499085952761e+00 -2.264334861724717068e-02 9.997336070641212880e-01 4.471428178845830020e-03 -1.610652320114185132e+00 1.075625512387955174e-01 -2.010436510141929561e-03 9.941962863117322913e-01 5.723976576347727985e+01
9.937309315841272861e-01 2.383082210925900266e-02 -1.092287852653294339e-01 -4.007137197571695175e+00 -2.381364476470862468e-02 9.997153460501679856e-01 1.461914776243268804e-03 -1.624370019079414140e+00 1.092325314911397338e-01 1.148385557896370842e-03 9.940155608815424149e-01 5.812733861869113383e+01
9.935437321449982484e-01 2.392631058678856837e-02 -1.108980792308530972e-01 -4.121519765866074714e+00 -2.483934791400040434e-02 9.996679275979560853e-01 -6.858668035004624255e-03 -1.640515169620632818e+00 1.106971504176835625e-01 9.569022610051639358e-03 9.938081176442928877e-01 5.904944639425971786e+01
9.933722852127677694e-01 2.463034329699716196e-02 -1.122713194018668120e-01 -4.240924017936799295e+00 -2.627719654225040349e-02 9.995673797835240570e-01 -1.321219946033251776e-02 -1.664301038635739749e+00 1.118973275509466403e-01 1.607480829657803242e-02 9.935897486514161381e-01 5.994673661640333506e+01
9.931421992730253834e-01 2.916146755808479360e-02 -1.132174051680987087e-01 -4.346708146619412183e+00 -3.084976719099090381e-02 9.994370206336677942e-01 -1.318839077213373144e-02 -1.694295130984285525e+00 1.127690732754343811e-01 1.659067800771289736e-02 9.934827051921155672e-01 6.080644538903003138e+01
9.929714081983700424e-01 3.310505286550246423e-02 -1.136302687461331479e-01 -4.450310142557769133e+00 -3.454708989495204607e-02 9.993453135381417107e-01 -1.074443526400104508e-02 -1.720727402613988044e+00 1.132001814501029519e-01 1.459451212355155833e-02 9.934650064977321726e-01 6.166288198983397706e+01
9.927228834563447402e-01 3.531778784978101965e-02 -1.151257161694070469e-01 -4.549438843576545821e+00 -3.663854152826601790e-02 9.992845998114461281e-01 -9.375812197275939369e-03 -1.743632039628921104e+00 1.147122222642492084e-01 1.352562165206911901e-02 9.933066815551592210e-01 6.253456857370309763e+01
9.925421403854738367e-01 3.649712843839553189e-02 -1.163101851721246999e-01 -4.649071173668994916e+00 -3.788205053962172969e-02 9.992349608441309927e-01 -9.718192925672722998e-03 -1.769384395002250754e+00 1.158665171908441899e-01 1.405178432008935725e-02 9.931653928482835347e-01 6.337816984932788955e+01
9.922406060598029098e-01 3.756008842609052240e-02 -1.185234974319419599e-01 -4.758057240668253307e+00 -3.895322227540524984e-02 9.991962674986220039e-01 -9.458619940794348382e-03 -1.800948351026035565e+00 1.180729696435138115e-01 1.400209892286797229e-02 9.929061965086712904e-01 6.421339232373428274e+01
9.920667533569306196e-01 3.885459260933345899e-02 -1.195570053029188784e-01 -4.857040775429717350e+00 -4.021390553500561738e-02 9.991507655713910419e-01 -8.977163233688597796e-03 -1.825280080259106485e+00 1.191066693576016966e-01 1.371379930090038841e-02 9.927867510312945454e-01 6.500522861163614152e+01
9.919202466065921708e-01 3.789381525388538230e-02 -1.210713968591346501e-01 -4.954852666368406489e+00 -3.919143801013261208e-02 9.991968003402932341e-01 -8.353764206470474032e-03 -1.851824093601571297e+00 1.206575963568625592e-01 1.303122999658044325e-02 9.926086497135518938e-01 6.581387329523768415e+01
9.919601215794834337e-01 3.612809141916590444e-02 -1.212842867251373025e-01 -5.051233261324603596e+00 -3.729132480386999210e-02 9.992775226676464673e-01 -7.334152001638942486e-03 -1.880755676537203325e+00 1.209316926632103412e-01 1.179803804110095798e-02 9.925907172686996294e-01 6.659463785411752212e+01
9.918568667354550339e-01 3.728357993590585701e-02 -1.217780381550334912e-01 -5.149199532598045970e+00 -3.810499930251258494e-02 9.992639542221151139e-01 -4.422535532651528795e-03 -1.906695778472725422e+00 1.215235159871592835e-01 9.026874295400853787e-03 9.925475054638812633e-01 6.737300698188856529e+01
9.917778303730906408e-01 3.830719496374750815e-02 -1.221036199072527417e-01 -5.243616191442097119e+00 -3.861304322054043281e-02 9.992542287427821357e-01 -1.386827891254691775e-04 -1.935952504638345895e+00 1.220072459884824073e-01 4.852334868572126363e-03 9.925173483484451831e-01 6.811614409567128803e+01
9.915161785216768386e-01 4.120513151139928304e-02 -1.232793772976595453e-01 -5.350078170501365804e+00 -4.139262393339487173e-02 9.991424157380212057e-01 1.041036550402746341e-03 -1.953695808828517677e+00 1.232165508918299512e-01 4.070652321068388146e-03 9.923714583642566645e-01 6.888338840222957060e+01
9.912746009996550312e-01 4.374813609402623121e-02 -1.243413286131098971e-01 -5.462644822724618265e+00 -4.439716037468076359e-02 9.990109503111149758e-01 -2.452204956286003004e-03 -1.983564110150487059e+00 1.241110694645713858e-01 7.951210397248897194e-03 9.922364741781963815e-01 6.959432323595127912e+01
9.911793591717401597e-01 4.345017162950323003e-02 -1.252020788056854850e-01 -5.574343335232918584e+00 -4.506849834304922642e-02 9.989326281919355122e-01 -1.012100739327599815e-02 -2.021526095735564965e+00 1.246286821281557960e-01 1.567440330344009591e-02 9.920796362551140835e-01 7.030342494445926604e+01
9.911385515739460361e-01 4.181710028875404439e-02 -1.260781571381040522e-01 -5.676415252360270891e+00 -4.426831471865953771e-02 9.988800514641581474e-01 -1.670206870213647096e-02 -2.063742223047387192e+00 1.252385240086685558e-01 2.213533172106227354e-02 9.918796999604982956e-01 7.098044284058302367e+01
9.910905631417855632e-01 4.257154077268329034e-02 -1.262028508692955298e-01 -5.765567777404031702e+00 -4.522424863815334428e-02 9.988105467716582586e-01 -1.822797281147271395e-02 -2.094529467358833053e+00 1.252767455931560192e-01 2.377300094521245591e-02 9.918369732166903985e-01 7.166288341595924294e+01
9.909893203044926047e-01 4.456465395949402858e-02 -1.263097726223498252e-01 -5.847281908605154399e+00 -4.685394837698420023e-02 9.987859397991646349e-01 -1.521032481529214012e-02 -2.126179468859938915e+00 1.254785820924273487e-01 2.099138101627310779e-02 9.918742296073139730e-01 7.231090525870706642e+01
9.907985041990329256e-01 4.606803949174383822e-02 -1.272637411612014824e-01 -5.924311531994566060e+00 -4.801734818623206585e-02 9.987708869539555501e-01 -1.229022564363341924e-02 -2.154905517015325955e+00 1.265411330363383491e-01 1.828800455480051462e-02 9.917927659240522997e-01 7.292606460987919093e+01
9.907216989687714914e-01 4.261355998735127243e-02 -1.290527012411392949e-01 -6.002593437299360346e+00 -4.499244009882688577e-02 9.988659360824847511e-01 -1.557312004754160192e-02 -2.191641136864544759e+00 1.282427211438675885e-01 2.123502388192880647e-02 9.915154452827997789e-01 7.352481230521365774e+01
9.909509231294447718e-01 3.561016959198654019e-02 -1.294147741586350320e-01 -6.075625550702441480e+00 -3.858793936383000944e-02 9.990433719266549328e-01 -2.057454604779791058e-02 -2.217260273961137784e+00 1.285583092785289039e-01 2.538221485705176653e-02 9.913770747220227442e-01 7.412006282391418210e+01
9.912045425024146317e-01 3.123852027087339195e-02 -1.285990271108782557e-01 -6.137522125314164967e+00 -3.484667719544123216e-02 9.990569222653978843e-01 -2.590318825989730914e-02 -2.249941423782387151e+00 1.276685709601813323e-01 3.015660665388599296e-02 9.913583181998859573e-01 7.467953460936587362e+01
9.913876707647930608e-01 3.343824658861530713e-02 -1.266189951019855153e-01 -6.198142009496909743e+00 -3.718359222994606361e-02 9.989346073060724196e-01 -2.733186409925831770e-02 -2.287264802039796763e+00 1.255701665382137622e-01 3.180462216946133153e-02 9.915748077095450919e-01 7.521725715295927728e+01
9.917382777520622472e-01 3.886209167394533148e-02 -1.222494428293992991e-01 -6.259832424375539439e+00 -4.216322141595028883e-02 9.988095070844348333e-01 -2.453225056080832189e-02 -2.324324504481198872e+00 1.211505311635166504e-01 2.948400224655062241e-02 9.921961713342384304e-01 7.574601598182529472e+01
9.924572882414415265e-01 3.699838209543335893e-02 -1.168745085070457962e-01 -6.314146631873269300e+00 -3.983061981708474475e-02 9.989644350906278225e-01 -2.199043312557009966e-02 -2.347533509552116815e+00 1.159398669200117221e-01 2.647974974171084933e-02 9.929032027907779279e-01 7.629515246378956306e+01
9.933562160068005742e-01 3.207371738754878632e-02 -1.105201555083660248e-01 -6.349762452842300675e+00 -3.424606812076910756e-02 9.992546681551118803e-01 -1.781333737639821321e-02 -2.374771479692648679e+00 1.098664413682238772e-01 2.147987018492893835e-02 9.937142346962327677e-01 7.677398820620535957e+01
9.942968884464218338e-01 2.880069966732037162e-02 -1.026850394382534809e-01 -6.383815079871402176e+00 -3.045961877888307343e-02 9.994290144938622333e-01 -1.462383710498560072e-02 -2.409384538285454624e+00 1.022052310285924137e-01 1.766818288621829422e-02 9.946064176667519519e-01 7.726983023714564069e+01
9.952197045479407311e-01 3.086908688102968021e-02 -9.265440709777590655e-02 -6.407870963191366620e+00 -3.244100814130149862e-02 9.993533456480968580e-01 -1.550714457055999036e-02 -2.446503368981394644e+00 9.211580032917769667e-02 1.843881821288133327e-02 9.955775656937161378e-01 7.774090697396155747e+01
9.962819268191148714e-01 3.556454920782184392e-02 -7.846964466107651803e-02 -6.441763835870194299e+00 -3.696591399719740406e-02 9.991806543651646777e-01 -1.647850553763869838e-02 -2.468065440414740408e+00 7.781930027919156667e-02 1.931793938407013259e-02 9.967803036386748694e-01 7.826915392833971907e+01
9.973042824418979491e-01 4.069008500864450262e-02 -6.106132331549601888e-02 -6.453429940182413560e+00 -4.179943706113781188e-02 9.989813628607653317e-01 -1.700128578140227761e-02 -2.489549744872921799e+00 6.030734022009442280e-02 1.950778405760690559e-02 9.979892139080152047e-01 7.869462564303465513e+01
9.983976541951795625e-01 3.860300832220470157e-02 -4.137549813642951713e-02 -6.456750035610782312e+00 -3.935044376423986467e-02 9.990738783865757977e-01 -1.740482982289878744e-02 -2.508550396085984513e+00 4.066530060283915504e-02 1.900508547948343355e-02 9.989920620569497922e-01 7.915476829849521323e+01
9.992024020023143605e-01 3.557481306561104117e-02 -1.813815062654462046e-02 -6.450774215770643139e+00 -3.589349520566239432e-02 9.992013728301575304e-01 -1.755772013248822067e-02 -2.520336464450926961e+00 1.749905239507189639e-02 1.819475775262008668e-02 9.996813161981153995e-01 7.960255757505861141e+01
9.993364763443770560e-01 3.476597453394109083e-02 1.085974503885046155e-02 -6.437564354603226846e+00 -3.457734633599958418e-02 9.992557307269513966e-01 -1.709946577258018852e-02 -2.532849399456520434e+00 -1.144614205589848319e-02 1.671261870721258216e-02 9.997948160537650786e-01 8.005195345117722638e+01
9.984325504267438367e-01 3.393045178858241501e-02 4.451029869333153477e-02 -6.396206930573764105e+00 -3.319018435786667137e-02 9.992998949719809065e-01 -1.726648694088910377e-02 -2.547603666232522546e+00 -4.506499651212375612e-02 1.576211757384658740e-02 9.988597007282599138e-01 8.048197589480346892e+01
9.961527306305641982e-01 3.358743279221918648e-02 8.094208803643609951e-02 -6.342119278417980510e+00 -3.217628803552716188e-02 9.993077050989160881e-01 -1.867610821863234169e-02 -2.558245003794231476e+00 -8.151333477121888715e-02 1.599984026068516224e-02 9.965438180863429585e-01 8.090543722489171330e+01
9.919881913805157492e-01 3.361311069193099327e-02 1.217767915130977818e-01 -6.269609819142788254e+00 -3.142325729333761419e-02 9.993088584210371161e-01 -1.985911333171121868e-02 -2.570400937276469566e+00 -1.223601530837926943e-01 1.587338246427169933e-02 9.923588205213133007e-01 8.132837908059133269e+01
9.858399399542161490e-01 3.354776851456790082e-02 1.642989957935208356e-01 -6.179016663628456918e+00 -3.042543963051477438e-02 9.993061143767539845e-01 -2.148446863492867523e-02 -2.590898707596688499e+00 -1.649057470628488564e-01 1.618137809113636555e-02 9.861765853987376484e-01 8.175258546686903571e+01
9.772616348870568626e-01 3.463364691587957761e-02 2.091894057527336481e-01 -6.064207827055271949e+00 -3.010910340803743188e-02 9.992395114140653067e-01 -2.477580918851454012e-02 -2.611000687884472704e+00 -2.098883962248501989e-01 1.791394234354253337e-02 9.775612266246400672e-01 8.212102622688161091e+01
9.657163474579656404e-01 3.477621891623045025e-02 2.572596953475905224e-01 -5.924705882939114154e+00 -2.805960604058537269e-02 9.991639055473957587e-01 -2.973463233544150833e-02 -2.641454207354339445e+00 -2.580786600269223130e-01 2.149661483041369336e-02 9.658847243794362880e-01 8.250089187060517304e+01
9.497301102202359013e-01 3.475793001022706857e-02 3.111343826105715804e-01 -5.768733993122594050e+00 -2.529035926713424365e-02 9.990876404392634580e-01 -3.441343414490923014e-02 -2.661530069417035183e+00 -3.120466559173428744e-01 2.481477428692211579e-02 9.497426554113966857e-01 8.283675321026467486e+01
9.289756042696798444e-01 3.504449906852227098e-02 3.684782351195500238e-01 -5.598370544371324087e+00 -2.288732934397793434e-02 9.990414846409260141e-01 -3.731329685188054107e-02 -2.671580206524973633e+00 -3.694326688684722027e-01 2.622965976700079166e-02 9.288872418766572769e-01 8.319618988767123824e+01
9.031263307914879634e-01 3.494927871296576311e-02 4.279502056881690497e-01 -5.404293518663793705e+00 -1.959516195137256042e-02 9.989981997893909726e-01 -4.023215686062287660e-02 -2.691167321294793080e+00 -4.289275699453254931e-01 2.794896661777905578e-02 9.029064154195576286e-01 8.351850551528002597e+01
8.716404339814572966e-01 3.370811198635864647e-02 4.889853955231491800e-01 -5.185488003088220665e+00 -1.435938455981618581e-02 9.989603543766009119e-01 -4.326682862010428066e-02 -2.716192125689518733e+00 -4.899354671012078333e-01 3.069158793697831372e-02 8.712182645618873345e-01 8.379892624395547784e+01
8.358638404118409193e-01 3.250073468923236203e-02 5.479738520555772485e-01 -4.951041292958213269e+00 -1.022401770968720501e-02 9.989943205122873149e-01 -4.365566453586103290e-02 -2.750669627005879914e+00 -5.488416071635233706e-01 3.088769704681406519e-02 8.353555173800575329e-01 8.408792134973377586e+01
7.994618339616059721e-01 3.128129559200592408e-02 5.999018724631803856e-01 -4.711655114339484918e+00 -6.401434812996088103e-03 9.990301926259240739e-01 -4.356255105186458698e-02 -2.762592639580816467e+00 -6.006827762397379811e-01 3.098636422520240075e-02 7.988867551543350487e-01 8.435495830051685573e+01
7.599559123421248952e-01 3.138126654550949662e-02 6.492166259471849887e-01 -4.446500324225201695e+00 -5.256477205295621499e-03 9.990978700234891541e-01 -4.214042669361239141e-02 -2.777338232962695219e+00 -6.499533681300817545e-01 2.861227401884032517e-02 7.594352882450431386e-01 8.459229362639980820e+01
7.186697966377885161e-01 3.165051366884052975e-02 6.946308144511709193e-01 -4.167282226549920310e+00 -2.476035221843120825e-03 9.990736998059648322e-01 -4.296058199795760313e-02 -2.797870771319586058e+00 -6.953471022807088397e-01 2.915454236515455447e-02 7.180824604523482479e-01 8.479977319400579461e+01
6.755679246963658402e-01 3.233581664870626565e-02 7.365883342024264202e-01 -3.864043596919392698e+00 2.108469839805092623e-03 9.989489954575943020e-01 -4.578710330649819055e-02 -2.815280377009704793e+00 -7.372947398946900766e-01 3.248537264564717308e-02 6.747897206446562546e-01 8.499911020590668898e+01
6.347128858442303567e-01 2.914243116042473242e-02 7.721983367304980916e-01 -3.563336608726363153e+00 1.116711938875960056e-02 9.988383586796126812e-01 -4.687460586262766349e-02 -2.843216067185368789e+00 -7.726673592095404386e-01 3.837514737795032216e-02 6.336501401214034157e-01 8.521347056083861560e+01
5.949810817548510933e-01 3.039355477267407721e-02 8.031648300206543079e-01 -3.247889138471387493e+00 1.264463308894972840e-02 9.988071148723476345e-01 -4.716418698997495301e-02 -2.864033746608058983e+00 -8.036402339404565831e-01 3.821752358094320651e-02 5.938870223228209788e-01 8.539171862865892138e+01
5.544800590050914524e-01 3.296133608097034234e-02 8.315439943198834616e-01 -2.929434255674647325e+00 1.137486341357019093e-02 9.988217840372631828e-01 -4.717686101198224208e-02 -2.875063018971816042e+00 -8.321192682831179965e-01 3.561732803536215436e-02 5.534518310527017926e-01 8.555959569508659968e+01
5.137855479432112960e-01 3.396891088192510733e-02 8.572458946056193962e-01 -2.598329496271888583e+00 1.293898438866172146e-02 9.987953684877532989e-01 -4.733280649196252438e-02 -2.875141641129832504e+00 -8.578210730727492406e-01 3.541080316670939393e-02 5.127271024740202021e-01 8.571749250462731595e+01
4.733083413916668869e-01 3.234481940451582049e-02 8.803028039412105210e-01 -2.253540180920527103e+00 2.119312926098979727e-02 9.986182971777792794e-01 -4.808687777223697585e-02 -2.902774632105682873e+00 -8.806418484498652610e-01 4.141629147381910292e-02 4.719688819820214154e-01 8.587976615254687829e+01
4.344106943877724669e-01 2.450880014718385264e-02 9.003814010278519131e-01 -1.929048731198699906e+00 3.697813462442051807e-02 9.983016812867568923e-01 -4.501522742067377847e-02 -2.928034854651901941e+00 -8.999555356578627929e-01 5.284952086237061641e-02 4.327666368649346618e-01 8.599436091130485238e+01
3.992368646235903706e-01 2.220686358715105377e-02 9.165788461093488104e-01 -1.572280948654089849e+00 4.322409957290575255e-02 9.981391707291722426e-01 -4.301015080413091857e-02 -2.949757241405246422e+00 -9.158283699152562907e-01 5.678953306467852957e-02 3.975340812970118431e-01 8.610959916037565165e+01
3.649547157224909966e-01 2.657162942909466544e-02 9.306460143262835771e-01 -1.219599312079415521e+00 4.175666466829811019e-02 9.981196257534282745e-01 -4.487308370970290172e-02 -2.972078715479779198e+00 -9.300884024799438432e-01 5.523731705397691427e-02 3.631589216541200593e-01 8.620339186138599530e+01
3.376586790750294997e-01 3.467813203350098017e-02 9.406295995789053510e-01 -8.230137359376626938e-01 3.266930585285725275e-02 9.982872564730284060e-01 -4.853112422609607429e-02 -2.998528787917252192e+00 -9.407015110545946524e-01 4.711667138310364489e-02 3.359474458563092569e-01 8.632767538583885880e+01
3.135339936559159990e-01 3.982190100204142241e-02 9.487416144676874552e-01 -4.829396600247906624e-01 2.830382358013584093e-02 9.982844353499079615e-01 -5.125504569173856828e-02 -3.017267927867954391e+00 -9.491550602472261788e-01 4.292321444977390682e-02 3.118689937592097894e-01 8.641905963304206750e+01
2.928161250751903921e-01 4.189703393040608570e-02 9.552504150450725762e-01 -1.092465256178564853e-01 3.137938220836788278e-02 9.980803452140524223e-01 -5.339437114173398863e-02 -3.038876730567750872e+00 -9.556537297934699637e-01 4.560990073695047470e-02 2.909393161581875220e-01 8.650605022343006567e+01
2.743429971335897832e-01 4.313347437992020444e-02 9.606640533046265640e-01 2.872988339883619791e-01 3.929698022422094261e-02 9.976561916703235999e-01 -5.601669900240191513e-02 -3.071657719409192744e+00 -9.608286357457375138e-01 5.311898539868092906e-02 2.720049744420095506e-01 8.659287349733905614e+01
2.577143003714393865e-01 4.890894355604601118e-02 9.649825151909693366e-01 7.061356425792483238e-01 4.742931171413660579e-02 9.968737238882270368e-01 -6.319208029131427595e-02 -3.097483408290242490e+00 -9.650563712936056637e-01 6.205395927297589764e-02 2.545888967809966097e-01 8.669485335605017440e+01
2.420182573335712406e-01 5.714687277186995124e-02 9.685873208181156047e-01 1.114594603622137914e+00 5.065191012626907296e-02 9.961587028786000886e-01 -7.142984446144991229e-02 -3.118418998727182423e+00 -9.689486813643849450e-01 6.634812440169106373e-02 2.381939950347110868e-01 8.678323715789564119e+01
2.279172292417142032e-01 5.935491157712534382e-02 9.718697089046709481e-01 1.560465081859990555e+00 4.878065246049667625e-02 9.961907678980140846e-01 -7.228002421343583672e-02 -3.141845616386111928e+00 -9.724578060565439719e-01 6.388230135521309749e-02 2.241536683020233789e-01 8.686695146945422152e+01
2.151754052951836693e-01 5.565082094035421478e-02 9.749884774112546060e-01 2.023232542676415502e+00 4.578361223597896684e-02 9.967023653799905736e-01 -6.699444526644565689e-02 -3.172139950255731033e+00 -9.755016175315536220e-01 5.905405129707783085e-02 2.119179398227603595e-01 8.694142012166810218e+01
2.007804329010634270e-01 5.243692135040496638e-02 9.782318677304229215e-01 2.506380034910312915e+00 4.625165763585152578e-02 9.969454385077509695e-01 -6.293311373613841297e-02 -3.208451205931353467e+00 -9.785438170720798245e-01 5.788058325450081559e-02 1.977418421885494826e-01 8.703137168809676893e+01
1.873426033490587506e-01 4.985908635389214860e-02 9.810284503919094456e-01 2.958167249845676583e+00 4.944176412289906508e-02 9.969665018441471460e-01 -6.011078240267238998e-02 -3.242671082920188574e+00 -9.810495710874203024e-01 5.976508770679537369e-02 1.843091787203940679e-01 8.710851311063156288e+01
